# Created by Octave 3.6.4, Fri May 03 15:54:03 2013 EDT <hwwu@hwwu-sony>
# name: y
# type: matrix
# rows: 71
# columns: 1

0.01
0.48
0.78
1.11
2.55
3.86
7.3
7.82
1.09
1.36
1.76
2.95
3.66
4.85
5.27
6.25
9.23
0.46
2.9
3.13
3.18
3.53
3.61
5.63
6.21
6.33
6.87
7.47
7.81
9.95
19.93
1.05
2
2.09
2.62
5.71
7.79
8.28
8.4
9.94
10.44
11.45
12.25
13.05
27.62
2.84
4.69
6.69
7.2
7.82
15.42
22.35
23.13
23.92
24.68
25.3
5.34
8.23
8.47
11.96
17.5
21.03
23.1
23.87
25.39
28.32
16.89
2.54
19.85
1.28
27.57
