# Created by Octave 3.6.4, Fri May 03 15:54:03 2013 EDT <hwwu@hwwu-sony>
# name: y
# type: matrix
# rows: 11
# columns: 1

0.01
0.03
0.72
0.99
13.29
0.39
0.74
1.55
3.08
7.45
0.01
