# Created by Octave 3.6.4, Fri May 03 15:54:03 2013 EDT <hwwu@hwwu-sony>
# name: y
# type: matrix
# rows: 13
# columns: 1

0.01
0.01
0.01
0.01
0.01
3.63
4.03
8.34
19.91
19.82
43.87
43.82
0.02
