# Created by Octave 3.6.4, Fri May 03 15:54:03 2013 EDT <hwwu@hwwu-sony>
# name: y
# type: matrix
# rows: 156
# columns: 1

0.01
0.03
0.02
0.03
0.05
0.07
0.08
0.06
0.06
0.06
0.07
0.07
0.07
0.07
0.07
0.07
0.08
0.08
0.08
0.09
0.11
0.12
0.12
0.07
0.08
0.08
0.09
0.11
0.11
0.06
0.07
0.08
0.08
0.08
0.08
0.08
0.08
0.08
0.09
0.06
0.06
0.07
0.07
0.08
0.08
0.08
0.08
0.08
0.08
0.08
0.08
0.08
0.08
0.08
0.08
0.09
0.09
0.09
0.09
0.09
0.09
0.1
0.1
0.1
0.11
0.11
0.11
0.11
0.12
0.12
0.13
0.14
0.14
0.06
0.07
0.07
0.08
0.08
0.08
0.08
0.08
0.08
0.09
0.09
0.1
0.1
0.11
0.12
0.12
0.09
0.07
0.09
0.09
0.44
0.5
0.09
0.43
0.43
0.5
0.42
0.43
0.08
0.21
0.21
0.62
0.15
0.15
0.25
0.25
0.26
0.26
0.83
0.2
0.82
1.03
4.95
7.71
8.87
14
2.37
1.31
2.39
1.72
12.56
16.72
15.15
15.19
15.26
20.07
16.13
13.96
16.1
8
8.15
16.23
26.16
56.57
8.87
25.29
8.64
5.25
2.87
3.13
13.97
25.88
13.97
26.23
28.3
41.45
13.42
42.94
50.83
30.96
55.58
34.82
40.52
