# Created by Octave 3.6.4, Fri May 03 15:54:03 2013 EDT <hwwu@hwwu-sony>
# name: x
# type: matrix
# rows: 11
# columns: 1

0.02
0.07
0.03
0.04
0.08
0.15
0.29
0.32
0.47
2.32
0.01
