# Created by Octave 3.6.4, Fri May 03 15:54:03 2013 EDT <hwwu@hwwu-sony>
# name: x
# type: matrix
# rows: 156
# columns: 1

0.07
0.1
0.15
0.15
0.16
0.18
0.18
0.19
0.19
0.19
0.19
0.19
0.19
0.19
0.19
0.19
0.19
0.19
0.19
0.19
0.19
0.19
0.19
0.2
0.2
0.2
0.2
0.2
0.2
0.24
0.24
0.24
0.24
0.24
0.24
0.24
0.24
0.24
0.24
0.25
0.25
0.25
0.25
0.25
0.25
0.25
0.25
0.25
0.25
0.25
0.25
0.25
0.25
0.25
0.25
0.25
0.25
0.25
0.25
0.25
0.25
0.25
0.25
0.25
0.25
0.25
0.25
0.25
0.25
0.25
0.25
0.25
0.25
0.26
0.26
0.26
0.26
0.26
0.26
0.26
0.26
0.26
0.26
0.26
0.26
0.26
0.26
0.26
0.26
0.27
0.6
0.6
0.6
0.6
0.6
0.61
0.61
0.61
0.61
0.62
0.62
0.63
0.98
0.98
1.3
0.11
0.12
0.12
0.12
0.12
0.12
0.12
0.19
0.24
0.38
0.38
0.46
0.46
0.49
0.52
0.53
0.53
0.61
1.17
1.18
1.19
1.19
1.19
1.19
1.2
1.23
1.24
1.25
1.26
1.27
1.27
1.29
1.3
1.31
1.33
1.47
1.55
1.58
1.64
1.7
1.81
2.16
2.18
2.26
2.78
4.28
5.36
5.73
5.81
6.02
6.53
