# Created by Octave 3.6.4, Fri May 03 15:54:03 2013 EDT <hwwu@hwwu-sony>
# name: x
# type: matrix
# rows: 13
# columns: 1

0.04
0.05
0.05
0.06
0.07
0.17
0.18
0.27
0.52
0.54
0.91
1.01
0.02
